辨识后的物理参数（由theta重建，与URDF对比）
========================================

关节 1 (AR5-5_07R-W4C4A2_joint_1):
  URDF 质量(kg): 2.683000 | 辨识质量(kg): 2.692410
  URDF 质心(m): [-1e-06, 0.000621, 0.167909]
  辨识质心(m): [0.00676194800418819, 0.00012925466127979452, 0.08059631250494825]
  辨识 惯性(质心处 I_com，与写入 URDF 一致):
    [0.06309173564020878, 3.847911363307846e-06, 2.733634750741931e-05]
    [3.847911363307846e-06, 0.06255404604173351, -4.649737963454897e-06]
    [2.733634750741931e-05, -4.649737963454897e-06, 1.0227895182903657e-05]

关节 2 (AR5-5_07R-W4C4A2_joint_2):
  URDF 质量(kg): 2.300000 | 辨识质量(kg): 2.353383
  URDF 质心(m): [2e-05, 0.003081, 0.10298600000000001]
  辨识质心(m): [-0.013423747402264496, -0.001240269449267485, 0.29971110178867544]
  辨识 惯性(质心处 I_com，与写入 URDF 一致):
    [1.8117880613566228e-06, 1.0619742183394184e-07, -6.874123356474804e-08]
    [1.0619742183394184e-07, -3.1248131339423058e-06, 4.4773121299986236e-08]
    [-6.874123356474804e-08, 4.4773121299986236e-08, 1.969153561653947e-06]

关节 3 (AR5-5_07R-W4C4A2_joint_3):
  URDF 质量(kg): 1.862000 | 辨识质量(kg): 1.899195
  URDF 质心(m): [0.007089000000000001, 0.000655, -0.016514]
  辨识质心(m): [0.008052079000622442, 0.0006916288369901845, -0.17409902861790302]
  辨识 惯性(质心处 I_com，与写入 URDF 一致):
    [-5.486407976401653e-07, -7.980052788519217e-08, 1.5914794918850048e-07]
    [-7.980052788519217e-08, 6.942295544543065e-07, -6.712455559296964e-09]
    [1.5914794918850048e-07, -6.712455559296964e-09, 1.8216103424031048e-06]

关节 4 (AR5-5_07R-W4C4A2_joint_4):
  URDF 质量(kg): 1.234000 | 辨识质量(kg): 1.283151
  URDF 质心(m): [-0.007831999999999997, 0.0042089999999999975, 0.07340199999999997]
  辨识质心(m): [-0.003013483489429225, 0.0066864079895691715, 0.217519464420582]
  辨识 惯性(质心处 I_com，与写入 URDF 一致):
    [2.9064119196758886e-07, -6.317760326222176e-08, 8.150148855291545e-08]
    [-6.317760326222176e-08, 5.454186446721132e-07, -1.1589712268231592e-08]
    [8.150148855291545e-08, -1.1589712268231592e-08, 1.2888479037121456e-06]

关节 5 (AR5-5_07R-W4C4A2_joint_5):
  URDF 质量(kg): 1.328000 | 辨识质量(kg): 1.263756
  URDF 质心(m): [0.000268, -0.0014750000000000002, -0.084143]
  辨识质心(m): [0.00028363248699908914, -0.001271406987355753, -0.14240678356892914]
  辨识 惯性(质心处 I_com，与写入 URDF 一致):
    [4.26693095127717e-07, 4.094768792953526e-08, 1.5502781266479369e-06]
    [4.094768792953526e-08, 8.568301487661689e-07, -9.357391993723978e-07]
    [1.5502781266479369e-06, -9.357391993723978e-07, -1.93283665992716e-06]

关节 6 (AR5-5_07R-W4C4A2_joint_6):
  URDF 质量(kg): 0.930000 | 辨识质量(kg): 0.706306
  URDF 质心(m): [0.0051719999999999995, -0.000614, 5.5e-05]
  辨识质心(m): [0.005099986124570924, -0.0024064806536705434, -0.013070751976957527]
  辨识 惯性(质心处 I_com，与写入 URDF 一致):
    [1.1069966706785095e-06, 1.1724196019744346e-06, 1.6123441851628509e-06]
    [1.1724196019744346e-06, 8.060725393084928e-06, -1.5524017342213334e-06]
    [1.6123441851628509e-06, -1.5524017342213334e-06, -4.054969164099436e-07]

关节 7 (AR5-5_07R-W4C4A2_joint_7):
  URDF 质量(kg): 0.332000 | 辨识质量(kg): 0.111577
  URDF 质心(m): [-0.002716, 3.1e-05, 0.054983]
  辨识质心(m): [0.006145169304949938, -0.02587397977127837, 0.020462164385762215]
  辨识 惯性(质心处 I_com，与写入 URDF 一致):
    [-6.136219745268352e-06, -5.294679649359342e-07, 4.0283279667087015e-06]
    [-5.294679649359342e-07, 6.041955890238693e-06, -8.60929639631614e-07]
    [4.0283279667087015e-06, -8.60929639631614e-07, 3.083711813557232e-07]

验证：q=0,dq=0,ddq=0 时预测力矩(Nm):
  [0.0111, -26.4003, 0.0363, -6.4723, -0.0608, 0.0682, -0.0000]
