辨识后的物理参数（由theta重建，与URDF对比）
========================================

关节 1 (AR5-5_07R-W4C4A2_joint_1):
  URDF 质量(kg): 2.683000 | 辨识质量(kg): 2.685024
  URDF 质心(m): [-1e-06, 0.000621, 0.167909]
  辨识质心(m): [0.0005497215129599466, 2.845104821702115e-05, 0.15825612906656844]
  辨识 惯性(质心处 I_com，与写入 URDF 一致):
    [0.013334788267524975, 5.666199264881358e-07, 8.227963464117288e-05]
    [5.666199264881358e-07, 0.012919819680881253, -9.291005853500452e-05]
    [8.227963464117288e-05, -9.291005853500452e-05, -3.0225794702458377e-06]

关节 2 (AR5-5_07R-W4C4A2_joint_2):
  URDF 质量(kg): 2.300000 | 辨识质量(kg): 2.300304
  URDF 质心(m): [2e-05, 0.003081, 0.10298600000000001]
  辨识质心(m): [-0.0012153285913357324, 0.0022952633812683425, 0.10828983709166648]
  辨识 惯性(质心处 I_com，与写入 URDF 一致):
    [1.3294841058469897e-06, -9.79039516780231e-07, 2.344931781688407e-05]
    [-9.79039516780231e-07, 4.448790651864071e-06, -7.681526606054885e-05]
    [2.344931781688407e-05, -7.681526606054885e-05, 0.0018393832006659363]

关节 3 (AR5-5_07R-W4C4A2_joint_3):
  URDF 质量(kg): 1.862000 | 辨识质量(kg): 1.863742
  URDF 质心(m): [0.007089000000000001, 0.000655, -0.016514]
  辨识质心(m): [0.0069609717947311444, 0.001028131264742088, -0.01999219795395729]
  辨识 惯性(质心处 I_com，与写入 URDF 一致):
    [1.101886561107393e-06, -3.7316700443654324e-10, -9.992311443280787e-09]
    [-3.7316700443654324e-10, 1.0907210357798342e-06, -2.675695934138873e-09]
    [-9.992311443280787e-09, -2.675695934138873e-09, 1.0194476203383358e-06]

关节 4 (AR5-5_07R-W4C4A2_joint_4):
  URDF 质量(kg): 1.234000 | 辨识质量(kg): 1.235813
  URDF 质心(m): [-0.007831999999999997, 0.0042089999999999975, 0.07340199999999997]
  辨识质心(m): [-0.007080826486773011, 0.004546589217168204, 0.07869544843407257]
  辨识 惯性(质心处 I_com，与写入 URDF 一致):
    [1.0713602973059372e-06, -3.6632060800261945e-10, 3.7129318066278505e-11]
    [-3.6632060800261945e-10, 1.2204572225347002e-06, -4.676361497525389e-09]
    [3.7129318066278505e-11, -4.676361497525389e-09, 1.0043188937599695e-06]

关节 5 (AR5-5_07R-W4C4A2_joint_5):
  URDF 质量(kg): 1.328000 | 辨识质量(kg): 1.326795
  URDF 质心(m): [0.000268, -0.0014750000000000002, -0.084143]
  辨识质心(m): [0.000608637866103418, -0.0016634995516956604, -0.10188741760773111]
  辨识 惯性(质心处 I_com，与写入 URDF 一致):
    [1.104458663501312e-06, 3.9189379251338915e-09, 3.3950986126602507e-09]
    [3.9189379251338915e-09, 1.078650546874893e-06, 7.401262639870551e-10]
    [3.3950986126602507e-09, 7.401262639870551e-10, 1.0150121919765658e-06]

关节 6 (AR5-5_07R-W4C4A2_joint_6):
  URDF 质量(kg): 0.930000 | 辨识质量(kg): 0.928264
  URDF 质心(m): [0.0051719999999999995, -0.000614, 5.5e-05]
  辨识质心(m): [0.005595763536232272, -0.0009973539417078602, -0.012361570177955677]
  辨识 惯性(质心处 I_com，与写入 URDF 一致):
    [1.0330858176810882e-06, 3.6602501856163397e-09, 6.722241969612987e-10]
    [3.6602501856163397e-09, 1.0514913151799606e-06, 1.4165894292911572e-09]
    [6.722241969612987e-10, 1.4165894292911572e-09, 1.0292021104206269e-06]

关节 7 (AR5-5_07R-W4C4A2_joint_7):
  URDF 质量(kg): 0.332000 | 辨识质量(kg): 0.330270
  URDF 质心(m): [-0.002716, 3.1e-05, 0.054983]
  辨识质心(m): [0.00023229458514578512, -0.007520431858673519, 0.01835223873085785]
  辨识 惯性(质心处 I_com，与写入 URDF 一致):
    [1.0385636245700835e-06, 6.289566516078857e-10, -4.432126136955675e-09]
    [6.289566516078857e-10, 1.0353028477947946e-06, 2.0810089758447215e-10]
    [-4.432126136955675e-09, 2.0810089758447215e-10, 1.0255353886268694e-06]

验证：q=0,dq=0,ddq=0 时预测力矩(Nm):
  [0.0714, -26.1199, 0.0188, -6.4899, -0.0551, 0.0531, -0.0000]
