辨识后的物理参数（由theta重建，与URDF对比）
========================================

说明:
1) 本次Y的秩可能小于参数数(n_params)，因此存在不可辨识方向。
2) 这里采用URDF先验的Ridge最小二乘，在不可辨识方向上更贴近URDF。
3) theta块(每关节10维)用 pinocchio::Inertia::FromDynamicParameters 重建质量/质心/惯性。

关节 1 (AR5-5_07R-W4C4A2_joint_1):
  URDF 质量(kg): 2.683000 | 辨识质量(kg): 2.683000
  URDF 质心(m): [-0.000001, 0.000621, 0.167909]
  辨识质心(m): [0.018947, 0.007783, 0.167909]
  URDF 惯性(kg·m²):
    [0.004937, 0.000002, -0.000002]
    [0.000002, 0.004523, 0.000000]
    [-0.000002, 0.000000, 0.004329]
  辨识 惯性(kg·m²):
    [0.004775, 0.000397, 0.008534]
    [0.000397, 0.003560, 0.003227]
    [0.008534, 0.003227, -0.023059]

关节 2 (AR5-5_07R-W4C4A2_joint_2):
  URDF 质量(kg): 2.300000 | 辨识质量(kg): 2.300000
  URDF 质心(m): [0.000020, 0.003081, 0.102986]
  辨识质心(m): [-0.023354, 0.011436, 0.107825]
  URDF 惯性(kg·m²):
    [0.011519, 0.000002, 0.000001]
    [0.000002, 0.009933, -0.000825]
    [0.000001, -0.000825, 0.004352]
  辨识 惯性(kg·m²):
    [-0.014513, 0.003583, -0.021538]
    [0.003583, -0.065164, 0.003311]
    [-0.021538, 0.003311, -0.000038]

关节 3 (AR5-5_07R-W4C4A2_joint_3):
  URDF 质量(kg): 1.862000 | 辨识质量(kg): 1.856138
  URDF 质心(m): [0.007089, 0.000655, -0.016514]
  辨识质心(m): [0.029844, -0.015379, -0.042678]
  URDF 惯性(kg·m²):
    [0.005196, -0.000013, 0.000357]
    [-0.000013, 0.004704, -0.000033]
    [0.000357, -0.000033, 0.002668]
  辨识 惯性(kg·m²):
    [-0.021260, 0.005888, 0.021694]
    [0.005888, -0.071487, 0.008364]
    [0.021694, 0.008364, 0.000614]

关节 4 (AR5-5_07R-W4C4A2_joint_4):
  URDF 质量(kg): 1.234000 | 辨识质量(kg): 1.228553
  URDF 质心(m): [-0.007832, 0.004209, 0.073402]
  辨识质心(m): [0.061871, -0.020055, 0.098741]
  URDF 惯性(kg·m²):
    [0.003896, 0.000047, -0.000170]
    [0.000047, 0.003087, -0.000467]
    [-0.000170, -0.000467, 0.001884]
  辨识 惯性(kg·m²):
    [0.006167, -0.007011, 0.003759]
    [-0.007011, 0.005446, -0.004218]
    [0.003759, -0.004218, -0.034489]

关节 5 (AR5-5_07R-W4C4A2_joint_5):
  URDF 质量(kg): 1.328000 | 辨识质量(kg): 1.331550
  URDF 质心(m): [0.000268, -0.001475, -0.084143]
  辨识质心(m): [-0.022540, 0.000665, -0.052543]
  URDF 惯性(kg·m²):
    [0.002843, -0.000013, 0.000019]
    [-0.000013, 0.002210, -0.000021]
    [0.000019, -0.000021, 0.001851]
  辨识 惯性(kg·m²):
    [0.017897, -0.004493, 0.011847]
    [-0.004493, 0.018324, 0.010373]
    [0.011847, 0.010373, 0.000833]

关节 6 (AR5-5_07R-W4C4A2_joint_6):
  URDF 质量(kg): 0.930000 | 辨识质量(kg): 0.933550
  URDF 质心(m): [0.005172, -0.000614, 0.000055]
  辨识质心(m): [0.016825, 0.002435, -0.064850]
  URDF 惯性(kg·m²):
    [0.000723, 0.000002, -0.000001]
    [0.000002, 0.000879, 0.000001]
    [-0.000001, 0.000001, 0.000929]
  辨识 惯性(kg·m²):
    [0.001930, -0.002582, -0.005500]
    [-0.002582, 0.009024, -0.001219]
    [-0.005500, -0.001219, 0.004528]

关节 7 (AR5-5_07R-W4C4A2_joint_7):
  URDF 质量(kg): 0.332000 | 辨识质量(kg): 0.335550
  URDF 质心(m): [-0.002716, 0.000031, 0.054983]
  辨识质心(m): [0.029786, 0.013168, 0.173081]
  URDF 惯性(kg·m²):
    [0.000522, 0.000000, 0.000038]
    [0.000000, 0.000795, 0.000001]
    [0.000038, 0.000001, 0.000461]
  辨识 惯性(kg·m²):
    [-0.016674, 0.003617, 0.002253]
    [0.003617, -0.001151, 0.005186]
    [0.002253, 0.005186, 0.008864]

========================================
验证：q=0,dq=0,ddq=0 时预测力矩(Nm):
  [0.0155, -26.5874, -0.4474, -7.4189, 0.0743, 0.0242, 0.0000]
